78
5 3.140000
5 3.140000
5 3.140000
5 3.140000
5 3.140000
5 3.140000
5 3.140000
5 3.140000
5 3.140000
5 3.140000
5 3.140000
5 3.140000
5 3.140000
5 3.140000
5 3.140000
5 3.140000
5 3.140000
5 3.140000
5 3.140000
5 3.140000
5 3.140000
5 3.140000
5 3.140000
5 3.140000
5 3.140000
5 3.140000
5 3.140000
5 3.140000
5 3.140000
5 3.140000
5 3.140000
5 3.140000
5 3.140000
5 3.140000
5 3.140000
5 3.140000
5 3.140000
5 3.140000
5 3.140000
5 3.140000
5 3.140000
5 3.140000
5 3.140000
5 3.140000
5 3.140000
5 3.140000
5 3.140000
5 3.140000
5 3.140000
5 3.140000
5 3.140000
5 3.140000
5 3.140000
5 3.140000
5 3.140000
5 3.140000
5 3.140000
5 3.140000
5 3.140000
5 3.140000
5 3.140000
5 3.140000
5 3.140000
5 3.140000
5 3.140000
5 3.140000
5 3.140000
5 3.140000
5 3.140000
5 3.140000
5 3.140000
5 3.140000
5 3.140000
5 3.140000
5 3.140000
5 3.140000
5 3.140000
5 3.140000
